image: G10Map4x.pgm
resolution: 0.005000
origin: [-20.240000, -20.880000, 0.000000]
negate: 0
occupied_thresh: 0.65
free_thresh: 0.196

