image: G10Map2xCropped.pgm
resolution: 0.010000
origin: [-12.240000, -11.880000, 0.200000]
negate: 0
occupied_thresh: 0.65
free_thresh: 0.196

