image: G10Map2xCropped.pgm
resolution: 0.010000
origin: [-13.240000, -10.880000, 0.000000]
negate: 0
occupied_thresh: 0.65
free_thresh: 0.196

