image: G10MapNew.pgm
resolution: 0.020000
origin: [-10.240000, -10.880000, 0.5000000]
negate: 0
occupied_thresh: 0.65
free_thresh: 0.196

